%KIVI MOTION RECORDING
!version=KiviRecorder 1.0 internal
!script=1
!scene=3-exit
!shot=5
!shotat=03/21  18:19:07.4
!framerate=29.97
<<<
@0>[0.95866858959198, -0.24882903695106506, 0.13798044621944427, 0.14440619945526123];[-0.11735658347606659, -0.7875855565071106, -0.6049267053604126, 0.8904906511306763];[0.25919482111930847, 0.5637313723564148, -0.7842353582382202, 1.5383660793304443];[0, 0, 0, 1]
@1>[0.9600465297698975, -0.24717995524406433, 0.13119743764400482, 0.14470505714416504];[-0.11870067566633224, -0.7842608094215393, -0.6089704632759094, 0.890425443649292];[0.2534183859825134, 0.5690667629241943, -0.7822673320770264, 1.5373351573944092];[0, 0, 0, 1]
@2>[0.9608278274536133, -0.24573850631713867, 0.12815071642398834, 0.14450204372406006];[-0.11909644305706024, -0.7836232781410217, -0.6097134351730347, 0.8902996778488159];[0.25025203824043274, 0.5705673694610596, -0.782193660736084, 1.5366508960723877];[0, 0, 0, 1]
@3>[0.9616580605506897, -0.24383728206157684, 0.12552757561206818, 0.14434516429901123];[-0.11915786564350128, -0.7837390303611755, -0.6095525622367859, 0.8902223110198975];[0.24701258540153503, 0.5712235569953918, -0.7827442288398743, 1.5359125137329102];[0, 0, 0, 1]
@4>[0.9626140594482422, -0.24153417348861694, 0.12261922657489777, 0.14439773559570312];[-0.11913035064935684, -0.7840404510498047, -0.6091702580451965, 0.8899885416030884];[0.24327395856380463, 0.5717882513999939, -0.783502459526062, 1.5350375175476074];[0, 0, 0, 1]
@5>[0.9633703827857971, -0.23958835005760193, 0.12047816812992096, 0.14407241344451904];[-0.11888615787029266, -0.7842479944229126, -0.6089507341384888, 0.8898351192474365];[0.2403823435306549, 0.572321891784668, -0.7840051054954529, 1.534316897392273];[0, 0, 0, 1]
@6>[0.9648757576942444, -0.23527251183986664, 0.11688270419836044, 0.14332234859466553];[-0.11780648678541183, -0.7851728796958923, -0.6079679727554321, 0.8895362615585327];[0.23481136560440063, 0.5728440880775452, -0.7853109836578369, 1.5335214138031006];[0, 0, 0, 1]
@7>[0.9654443264007568, -0.23348021507263184, 0.11577711999416351, 0.1432349681854248];[-0.1171485111117363, -0.7856467962265015, -0.6074826717376709, 0.8895150423049927];[0.23279519379138947, 0.5729275941848755, -0.7858501076698303, 1.5333850383758545];[0, 0, 0, 1]
@8>[0.9658450484275818, -0.23214760422706604, 0.11511217057704926, 0.14430248737335205];[-0.1164843812584877, -0.7858126759529114, -0.6073958277702332, 0.8897963762283325];[0.23146218061447144, 0.5732414722442627, -0.7860149145126343, 1.5330320596694946];[0, 0, 0, 1]
@9>[0.9660786986351013, -0.23137663304805756, 0.11470355093479156, 0.14444637298583984];[-0.11607959121465683, -0.7858197689056396, -0.6074641346931458, 0.889744758605957];[0.2306894063949585, 0.5735434293746948, -0.786021888256073, 1.5329453945159912];[0, 0, 0, 1]
@10>[0.9660547375679016, -0.23126405477523804, 0.11513166129589081, 0.1451355218887329];[-0.11584674566984177, -0.7861508727073669, -0.6070800423622131, 0.88972008228302];[0.23090672492980957, 0.5731348991394043, -0.786255955696106, 1.5328820943832397];[0, 0, 0, 1]
@11>[0.9661786556243896, -0.23033465445041656, 0.11595161259174347, 0.14486384391784668];[-0.1149376928806305, -0.7871608734130859, -0.6059430241584778, 0.8892701864242554];[0.23084232211112976, 0.5721220374107361, -0.7870122790336609, 1.5330846309661865];[0, 0, 0, 1]
@12>[0.9664925336837769, -0.22906294465065002, 0.11585504561662674, 0.14491748809814453];[-0.11427528411149979, -0.7880901098251343, -0.6048595309257507, 0.8888833522796631];[0.22985520958900452, 0.5713527798652649, -0.7878594994544983, 1.5331534147262573];[0, 0, 0, 1]
@13>[0.9666310548782349, -0.22853808104991913, 0.11573570221662521, 0.14543771743774414];[-0.11422612518072128, -0.7889090776443481, -0.6038001775741577, 0.8887335062026978];[0.22929637134075165, 0.5704320073127747, -0.7886891961097717, 1.5332216024398804];[0, 0, 0, 1]
@14>[0.9664884209632874, -0.22807557880878448, 0.11782065033912659, 0.14708805084228516];[-0.11383022367954254, -0.7921313643455505, -0.5996419191360474, 0.8885692358016968];[0.23009318113327026, 0.5661354660987854, -0.7915477156639099, 1.5336421728134155];[0, 0, 0, 1]
@15>[0.9657026529312134, -0.22809672355651855, 0.12405817210674286, 0.1473090648651123];[-0.11196447163820267, -0.796901524066925, -0.5936427712440491, 0.8882169723510742];[0.23427021503448486, 0.5593922734260559, -0.7951086759567261, 1.5352872610092163];[0, 0, 0, 1]
@16>[0.9656980633735657, -0.22719040513038635, 0.12574486434459686, 0.1475735902786255];[-0.11047714948654175, -0.7977137565612793, -0.5928300023078918, 0.8882527351379395];[0.23499378561973572, 0.5586028695106506, -0.7954500913619995, 1.5360448360443115];[0, 0, 0, 1]
@17>[0.9664851427078247, -0.2252061367034912, 0.12324236333370209, 0.14877986907958984];[-0.10916277021169662, -0.7950124144554138, -0.5966897010803223, 0.8886709213256836];[0.2323574721813202, 0.5632383227348328, -0.7929518818855286, 1.5368603467941284];[0, 0, 0, 1]
@18>[0.9668480157852173, -0.22419126331806183, 0.12224262207746506, 0.14911389350891113];[-0.1083226278424263, -0.7936062216758728, -0.5987113118171692, 0.8888980150222778];[0.23123842477798462, 0.5656212568283081, -0.7915816307067871, 1.536969780921936];[0, 0, 0, 1]
@19>[0.9670798182487488, -0.223490372300148, 0.12169087678194046, 0.14917230606079102];[-0.1077132448554039, -0.7927612066268921, -0.5999395251274109, 0.8890278339385986];[0.23055259883403778, 0.5670816898345947, -0.7907362580299377, 1.5370099544525146];[0, 0, 0, 1]
@20>[0.9670393466949463, -0.22364407777786255, 0.12173035740852356, 0.14914286136627197];[-0.10775509476661682, -0.7925974130630493, -0.6001483798027039, 0.8890970945358276];[0.23070287704467773, 0.5672500729560852, -0.7905717492103577, 1.5370979309082031];[0, 0, 0, 1]
@21>[0.9668121933937073, -0.22421665489673615, 0.12247904390096664, 0.14915144443511963];[-0.10765518248081207, -0.7922776341438293, -0.600588321685791, 0.8892985582351685];[0.2316994071006775, 0.5674706697463989, -0.790121853351593, 1.5368632078170776];[0, 0, 0, 1]
@22>[0.9655409455299377, -0.22703950107097626, 0.1272154003381729, 0.14857184886932373];[-0.10644256323575974, -0.7905731797218323, -0.6030455231666565, 0.890156626701355];[0.23748831450939178, 0.5687240362167358, -0.7874975204467773, 1.536631464958191];[0, 0, 0, 1]
@23>[0.9654789566993713, -0.22652576863765717, 0.12859413027763367, 0.14826762676239014];[-0.10499101877212524, -0.7902244329452515, -0.6037566661834717, 0.8906028270721436];[0.23838475346565247, 0.5694131255149841, -0.7867283225059509, 1.53632652759552];[0, 0, 0, 1]
@24>[0.9655243158340454, -0.22615638375282288, 0.1289038062095642, 0.14794743061065674];[-0.10385804623365402, -0.7887409925460815, -0.6058886051177979, 0.891170859336853];[0.2386973798274994, 0.5716124773025513, -0.7850368022918701, 1.5363119840621948];[0, 0, 0, 1]
@25>[0.9653835892677307, -0.22626234591007233, 0.12976905703544617, 0.14747512340545654];[-0.10250896960496902, -0.786595344543457, -0.6089003086090088, 0.8917924165725708];[0.23984701931476593, 0.5745198130607605, -0.7825601696968079, 1.536447525024414];[0, 0, 0, 1]
@26>[0.9653337597846985, -0.2261313498020172, 0.1303665041923523, 0.14750933647155762];[-0.10111286491155624, -0.7844231128692627, -0.6119284629821777, 0.8924635648727417];[0.24063879251480103, 0.577533483505249, -0.7800949215888977, 1.5363062620162964];[0, 0, 0, 1]
@27>[0.9655343890190125, -0.22515936195850372, 0.1305626630783081, 0.14770925045013428];[-0.09967584162950516, -0.7832654714584351, -0.6136446595191956, 0.8930597305297852];[0.24043315649032593, 0.5794811248779297, -0.7787127494812012, 1.536230206489563];[0, 0, 0, 1]
@28>[0.9656679034233093, -0.22472558915615082, 0.1303223967552185, 0.14771413803100586];[-0.09906858205795288, -0.7823238372802734, -0.6149428486824036, 0.8931657075881958];[0.24014779925346375, 0.5809198021888733, -0.7777283191680908, 1.5363224744796753];[0, 0, 0, 1]
@29>[0.965558648109436, -0.2252284437417984, 0.1302637755870819, 0.1480351686477661];[-0.09874290227890015, -0.7804081439971924, -0.6174243688583374, 0.8941025733947754];[0.24072052538394928, 0.5832968354225159, -0.7757696509361267, 1.5361666679382324];[0, 0, 0, 1]
@30>[0.9649987816810608, -0.22705566883087158, 0.1312372088432312, 0.14781999588012695];[-0.09896506369113922, -0.7786996960639954, -0.6195422410964966, 0.8945773839950562];[0.24286504089832306, 0.5848696231842041, -0.7739148139953613, 1.5361274480819702];[0, 0, 0, 1]
@31>[0.964178204536438, -0.2288156896829605, 0.13417810201644897, 0.14778602123260498];[-0.09853509068489075, -0.7786113619804382, -0.6197217106819153, 0.8949686288833618];[0.24627473950386047, 0.5843009352684021, -0.773266613483429, 1.536216378211975];[0, 0, 0, 1]
@32>[0.9634679555892944, -0.22946783900260925, 0.13810895383358002, 0.14737153053283691];[-0.09688844531774521, -0.7793744802474976, -0.6190217733383179, 0.8951334953308105];[0.24968425929546356, 0.5830264687538147, -0.7731351256370544, 1.5362781286239624];[0, 0, 0, 1]
@33#FLASH
@34>[0.9621983766555786, -0.23124152421951294, 0.1438811719417572, 0.14587080478668213];[-0.0949355736374855, -0.7799374461174011, -0.6186150908470154, 0.8949979543685913];[0.2552678883075714, 0.5815709829330444, -0.7724076509475708, 1.53609299659729];[0, 0, 0, 1]
@35>[0.9616902470588684, -0.23216015100479126, 0.14578577876091003, 0.14569580554962158];[-0.09464762359857559, -0.7802812457084656, -0.6182255744934082, 0.8947634696960449];[0.2572813332080841, 0.5807432532310486, -0.7723624110221863, 1.5359866619110107];[0, 0, 0, 1]
@36>[0.9609611630439758, -0.23369570076465607, 0.14812178909778595, 0.14565825462341309];[-0.09439578652381897, -0.7801402807235718, -0.6184419393539429, 0.8946764469146729];[0.26008307933807373, 0.5803166031837463, -0.7717444896697998, 1.5357602834701538];[0, 0, 0, 1]
@37>[0.9607567191123962, -0.23422372341156006, 0.14861318469047546, 0.14552152156829834];[-0.09435678273439407, -0.7797514796257019, -0.6189380288124084, 0.8949352502822876];[0.2608514130115509, 0.5806261897087097, -0.7712521553039551, 1.53545081615448];[0, 0, 0, 1]
@38>[0.9614577293395996, -0.23299258947372437, 0.14599132537841797, 0.14587020874023438];[-0.0949806272983551, -0.7797256112098694, -0.61887526512146, 0.8952116966247559];[0.2580265998840332, 0.5811560153961182, -0.7718030214309692, 1.5350030660629272];[0, 0, 0, 1]
@39>[0.9622945785522461, -0.231347918510437, 0.14306403696537018, 0.1465592384338379];[-0.0951782613992691, -0.7790840864181519, -0.619652271270752, 0.8955550193786621];[0.2548142671585083, 0.5826714634895325, -0.7717277407646179, 1.5344016551971436];[0, 0, 0, 1]
@40>[0.9637893438339233, -0.2281443476676941, 0.13805902004241943, 0.1466808319091797];[-0.09454448521137238, -0.7764386534690857, -0.6230603456497192, 0.8963013887405396];[0.249342143535614, 0.5874462127685547, -0.769893229007721, 1.532578468322754];[0, 0, 0, 1]
@41>[0.964370846748352, -0.22620996832847595, 0.1371786743402481, 0.14677917957305908];[-0.09368623048067093, -0.7769383192062378, -0.6225669384002686, 0.8965044021606445];[0.24741029739379883, 0.5875336527824402, -0.7704494595527649, 1.5318723917007446];[0, 0, 0, 1]
@42>[0.9646804332733154, -0.22497712075710297, 0.13702891767024994, 0.1460428237915039];[-0.09274975955486298, -0.776962161064148, -0.6226773858070374, 0.896654486656189];[0.24655453860759735, 0.587975263595581, -0.7703868746757507, 1.5311923027038574];[0, 0, 0, 1]
@43>[0.9649157524108887, -0.22426769137382507, 0.13653412461280823, 0.14589142799377441];[-0.09230952709913254, -0.7765795588493347, -0.6232198476791382, 0.897030234336853];[0.2457977831363678, 0.5887513160705566, -0.770035982131958, 1.5303667783737183];[0, 0, 0, 1]
@44>[0.9653589725494385, -0.22338280081748962, 0.13484162092208862, 0.145391583442688];[-0.09165377914905548, -0.7741566300392151, -0.6263233423233032, 0.8982570171356201];[0.24429848790168762, 0.5922680497169495, -0.7678130269050598, 1.5288305282592773];[0, 0, 0, 1]
@45>[0.9654163122177124, -0.2232801616191864, 0.13460096716880798, 0.14468133449554443];[-0.09114377200603485, -0.772747814655304, -0.6281349062919617, 0.8989490270614624];[0.24426275491714478, 0.5941436290740967, -0.7663739919662476, 1.5278878211975098];[0, 0, 0, 1]
@46>[0.9653412103652954, -0.22300957143306732, 0.13558436930179596, 0.14445781707763672];[-0.09002558887004852, -0.7721379399299622, -0.6290454864501953, 0.8997381925582886];[0.2449730932712555, 0.5950374603271484, -0.7654532194137573, 1.5271391868591309];[0, 0, 0, 1]
@47>[0.9653852581977844, -0.22159546613693237, 0.13757458329200745, 0.1431727409362793];[-0.08731061220169067, -0.7715727090835571, -0.6301208734512329, 0.9007948637008667];[0.245780810713768, 0.5962976813316345, -0.7642126083374023, 1.526443362236023];[0, 0, 0, 1]
@48>[0.965633749961853, -0.21950162947177887, 0.13917815685272217, 0.14204299449920654];[-0.08413352817296982, -0.7706483602523804, -0.6316823363304138, 0.9019538164138794];[0.2459128051996231, 0.598264217376709, -0.7626315355300903, 1.5255374908447266];[0, 0, 0, 1]
@49>[0.9659963846206665, -0.2170385867357254, 0.1405179351568222, 0.1416383981704712];[-0.08047869056463242, -0.7688726782798767, -0.6343168616294861, 0.9038600921630859];[0.24571171402931213, 0.6014391183853149, -0.7601953148841858, 1.5241605043411255];[0, 0, 0, 1]
@50>[0.9666792750358582, -0.21395497024059296, 0.1405504196882248, 0.1413346529006958];[-0.07684186100959778, -0.7662498354911804, -0.6379312872886658, 0.9061622619628906];[0.2441854029893875, 0.6058748364448547, -0.757158637046814, 1.5224723815917969];[0, 0, 0, 1]
@51>[0.9678196310997009, -0.21010054647922516, 0.13850270211696625, 0.1409691572189331];[-0.07342102378606796, -0.7621991634368896, -0.6431652903556824, 0.9089670181274414];[0.24069610238075256, 0.6122989654541016, -0.7530971765518188, 1.5203287601470947];[0, 0, 0, 1]
@52>[0.9692005515098572, -0.20569925010204315, 0.13541851937770844, 0.13988971710205078];[-0.06985203921794891, -0.7569001913070679, -0.649786651134491, 0.9121257066726685];[0.23615899682044983, 0.6203143000602722, -0.7479566335678101, 1.5179623365402222];[0, 0, 0, 1]
@53>[0.9734440445899963, -0.188949853181839, 0.1292468011379242, 0.13752543926239014];[-0.05681729316711426, -0.74632728099823, -0.6631495356559753, 0.9206911325454712];[0.2217625081539154, 0.6381954550743103, -0.7372434735298157, 1.5127041339874268];[0, 0, 0, 1]
@54>[0.9737474322319031, -0.18386176228523254, 0.13420461118221283, 0.13515746593475342];[-0.04893501102924347, -0.7448660731315613, -0.665416955947876, 0.9255355596542358];[0.22230926156044006, 0.6413807272911072, -0.7343087792396545, 1.5107675790786743];[0, 0, 0, 1]
@55>[0.9720126986503601, -0.17486630380153656, 0.1568858027458191, 0.12765944004058838];[-0.030067911371588707, -0.7549101710319519, -0.6551384925842285, 0.9363161325454712];[0.23299641907215118, 0.6320857405662537, -0.7390401363372803, 1.5082790851593018];[0, 0, 0, 1]
@56>[0.972260594367981, -0.1691940724849701, 0.1615014374256134, 0.12344396114349365];[-0.02332451194524765, -0.7571620941162109, -0.6528103351593018, 0.9425448179244995];[0.23273450136184692, 0.6309348940849304, -0.7401053309440613, 1.5064705610275269];[0, 0, 0, 1]
@57>[0.973979651927948, -0.16431257128715515, 0.1560930609703064, 0.11958897113800049];[-0.020841427147388458, -0.7507590651512146, -0.6602471470832825, 0.9490925073623657];[0.22567526996135712, 0.6398141384124756, -0.7346486449241638, 1.5036977529525757];[0, 0, 0, 1]
@58>[0.9763734340667725, -0.1596071571111679, 0.14567247033119202, 0.11548268795013428];[-0.01981434039771557, -0.7374154925346375, -0.675148606300354, 0.95708167552948];[0.21517977118492126, 0.6563107967376709, -0.7231554388999939, 1.4993040561676025];[0, 0, 0, 1]
@59>[0.9789531826972961, -0.15366598963737488, 0.13430377840995789, 0.11083579063415527];[-0.018718359991908073, -0.7229094505310059, -0.6906891465187073, 0.9651128053665161];[0.20322498679161072, 0.6736383438110352, -0.7105708718299866, 1.49527907371521];[0, 0, 0, 1]
@60>[0.9815747141838074, -0.1449587345123291, 0.12449145317077637, 0.10557889938354492];[-0.016208207234740257, -0.712335467338562, -0.7016518712043762, 0.9727479219436646];[0.19039031863212585, 0.686706006526947, -0.7015600800514221, 1.4913469552993774];[0, 0, 0, 1]
@61>[0.9840379953384399, -0.13483884930610657, 0.11613690108060837, 0.1006321907043457];[-0.013051212765276432, -0.7055299878120422, -0.7085597515106201, 0.9804035425186157];[0.17747953534126282, 0.6957340240478516, -0.6960281729698181, 1.4871759414672852];[0, 0, 0, 1]
@62>[0.9863013029098511, -0.12446802854537964, 0.10824761539697647, 0.0977252721786499];[-0.009805859066545963, -0.6993097066879272, -0.7147514820098877, 0.9889229536056519];[0.16466239094734192, 0.7038988471031189, -0.6909506320953369, 1.4819962978363037];[0, 0, 0, 1]
@63>[0.9921047687530518, -0.0964442566037178, 0.08016674220561981, 0.09088134765625];[-0.007154082879424095, -0.6817076206207275, -0.731589674949646, 1.0053718090057373];[0.12520797550678253, 0.7252401113510132, -0.6770153641700745, 1.470095157623291];[0, 0, 0, 1]
@64>[0.99485844373703, -0.07857362926006317, 0.06389783322811127, 0.08681368827819824];[-0.005179459694772959, -0.6695787906646729, -0.7427229285240173, 1.0133734941482544];[0.10114313662052155, 0.7385731935501099, -0.6665430665016174, 1.4631767272949219];[0, 0, 0, 1]
@65>[0.9971916079521179, -0.05741759389638901, 0.04808451980352402, 0.08245956897735596];[-0.0016162293031811714, -0.6583957672119141, -0.7526701092720032, 1.021435260772705];[0.07487521320581436, 0.7504786252975464, -0.656639575958252, 1.455786108970642];[0, 0, 0, 1]
@66>[0.999885618686676, -0.0025513973087072372, 0.014911117032170296, 0.07150983810424805];[0.009763013571500778, -0.6440985202789307, -0.7648801803588867, 1.0369160175323486];[0.011555807664990425, 0.7649382948875427, -0.6439999938011169, 1.4407590627670288];[0, 0, 0, 1]
@67>[0.9995405077934265, 0.029901603236794472, -0.004961516708135605, 0.06568396091461182];[0.01532268337905407, -0.639710009098053, -0.7684634923934937, 1.0443459749221802];[-0.02615216374397278, 0.7680344581604004, -0.6398743391036987, 1.432904839515686];[0, 0, 0, 1]
@68>[0.9975330829620361, 0.06554608047008514, -0.025128118693828583, 0.058545827865600586];[0.022200031206011772, -0.6341556310653687, -0.7728865742683411, 1.051706314086914];[-0.06659477204084396, 0.7704221606254578, -0.6340464949607849, 1.4242485761642456];[0, 0, 0, 1]
@69>[0.9936515688896179, 0.1033516600728035, -0.04444117099046707, 0.05149877071380615];[0.030286714434623718, -0.6261895895004272, -0.7790822982788086, 1.059157371520996];[-0.10834798961877823, 0.7727903723716736, -0.6253445148468018, 1.4151743650436401];[0, 0, 0, 1]
@70>[0.9790129661560059, 0.18608027696609497, -0.08311296254396439, 0.03345286846160889];[0.04790063947439194, -0.6064972877502441, -0.7936412692070007, 1.0737887620925903];[-0.19808872044086456, 0.7730039954185486, -0.6026821136474609, 1.3951791524887085];[0, 0, 0, 1]
@71>[0.9682020545005798, 0.22917217016220093, -0.10032456368207932, 0.022211074829101562];[0.05780047923326492, -0.5950978398323059, -0.8015719056129456, 1.0808006525039673];[-0.24340087175369263, 0.7702848315238953, -0.589421272277832, 1.3847476243972778];[0, 0, 0, 1]
@72>[0.9560097455978394, 0.2685209810733795, -0.11807579547166824, 0.010126829147338867];[0.06367368996143341, -0.5828956365585327, -0.8100482821464539, 1.0871081352233887];[-0.2863408029079437, 0.7668957710266113, -0.5743517279624939, 1.3746702671051025];[0, 0, 0, 1]
@73>[0.9429924488067627, 0.30360862612724304, -0.13633421063423157, -0.0026007890701293945];[0.06578430533409119, -0.5715947151184082, -0.817894697189331, 1.0929147005081177];[-0.3262477517127991, 0.7622999548912048, -0.5589823126792908, 1.364043951034546];[0, 0, 0, 1]
@74>[0.9304723143577576, 0.332283079624176, -0.1543024182319641, -0.014967083930969238];[0.06464004516601562, -0.5634658932685852, -0.823606550693512, 1.0985016822814941];[-0.3606146574020386, 0.7563689947128296, -0.5457683205604553, 1.3530930280685425];[0, 0, 0, 1]
@75>[0.9182943105697632, 0.35796377062797546, -0.16910824179649353, -0.028725504875183105];[0.0648910328745842, -0.5574670433998108, -0.8276590704917908, 1.1031662225723267];[-0.39054417610168457, 0.7490610480308533, -0.5351475477218628, 1.342988133430481];[0, 0, 0, 1]
@76>[0.8859225511550903, 0.41602277755737305, -0.20510084927082062, -0.05724048614501953];[0.06081913411617279, -0.5425595045089722, -0.8378127217292786, 1.1105585098266602];[-0.45982852578163147, 0.7297631502151489, -0.5059678554534912, 1.321584939956665];[0, 0, 0, 1]
@77>[0.8683911561965942, 0.4444691836833954, -0.21987281739711761, -0.07173776626586914];[0.05956222862005234, -0.5336810946464539, -0.8435856103897095, 1.1138343811035156];[-0.4922897517681122, 0.7194662094116211, -0.4899175465106964, 1.3112726211547852];[0, 0, 0, 1]
@78>[0.8488203287124634, 0.4722225069999695, -0.23771832883358002, -0.08385610580444336];[0.056744739413261414, -0.5284227728843689, -0.847082793712616, 1.1165826320648193];[-0.5256273150444031, 0.7055318355560303, -0.47533220052719116, 1.3010252714157104];[0, 0, 0, 1]
@79>[0.8253360390663147, 0.4998093545436859, -0.26269957423210144, -0.09497249126434326];[0.04969869181513786, -0.5277474522590637, -0.847946047782898, 1.1185474395751953];[-0.5624503493309021, 0.6867846846580505, -0.46040892601013184, 1.2904014587402344];[0, 0, 0, 1]
@80>[0.7994649410247803, 0.5254599452018738, -0.29111480712890625, -0.10322082042694092];[0.03805787116289139, -0.5279465913772583, -0.8484243750572205, 1.1202690601348877];[-0.5995060205459595, 0.6672062873840332, -0.44207271933555603, 1.2789112329483032];[0, 0, 0, 1]
@81>[0.7750640511512756, 0.5491442084312439, -0.3125962018966675, -0.11141049861907959];[0.025284329429268837, -0.5212624669075012, -0.8530216813087463, 1.1223392486572266];[-0.6313765645027161, 0.6532427072525024, -0.4178965985774994, 1.2674391269683838];[0, 0, 0, 1]
@82>[0.7493967413902283, 0.5751277208328247, -0.32807427644729614, -0.11940455436706543];[0.013099145144224167, -0.5082704424858093, -0.8610978126525879, 1.1240932941436768];[-0.6619916558265686, 0.6410064101219177, -0.3884299099445343, 1.2557320594787598];[0, 0, 0, 1]
@83>[0.7215343117713928, 0.6015795469284058, -0.3427686095237732, -0.12660157680511475];[0.00689412048086524, -0.5012770295143127, -0.8652592897415161, 1.1259145736694336];[-0.6923443675041199, 0.621951162815094, -0.3658359944820404, 1.24493408203125];[0, 0, 0, 1]
@84>[0.6984065771102905, 0.621515691280365, -0.35488948225975037, -0.1325753927230835];[0.007353580091148615, -0.5020678639411926, -0.8647968769073486, 1.128061056137085];[-0.7156634330749512, 0.6013701558113098, -0.3552178740501404, 1.2353053092956543];[0, 0, 0, 1]
@85>[0.6513866782188416, 0.657981812953949, -0.37782999873161316, -0.14307785034179688];[0.010470911860466003, -0.5057143568992615, -0.8626374006271362, 1.1331449747085571];[-0.7586736679077148, 0.5579542517662048, -0.33630529046058655, 1.215509057044983];[0, 0, 0, 1]
@86>[0.6187631487846375, 0.685560941696167, -0.3835863471031189, -0.14946019649505615];[0.011471215635538101, -0.49611854553222656, -0.8681789636611938, 1.1357884407043457];[-0.7854938507080078, 0.5327968597412109, -0.31484413146972656, 1.2037466764450073];[0, 0, 0, 1]
@87>[0.5810738205909729, 0.7183932662010193, -0.382445365190506, -0.15584993362426758];[0.011391868814826012, -0.4770541191101074, -0.8788000345230103, 1.138960361480713];[-0.81377112865448, 0.5062909126281738, -0.2853875160217285, 1.1899431943893433];[0, 0, 0, 1]
@88>[0.5410560369491577, 0.7531308531761169, -0.3742358088493347, -0.16287720203399658];[0.012131119146943092, -0.4519391357898712, -0.8919662237167358, 1.1424050331115723];[-0.8408990502357483, 0.4780638515949249, -0.25366073846817017, 1.1747664213180542];[0, 0, 0, 1]
@89>[0.49789971113204956, 0.7871509194374084, -0.3639909625053406, -0.1707247495651245];[0.011589627712965012, -0.4257163405418396, -0.9047824144363403, 1.1465489864349365];[-0.8671571016311646, 0.4462723731994629, -0.22108685970306396, 1.1584835052490234];[0, 0, 0, 1]
@90>[0.40793511271476746, 0.8441422581672668, -0.3478691279888153, -0.18826615810394287];[0.02067171037197113, -0.38945481181144714, -0.9208135008811951, 1.1563812494277954];[-0.9127768874168396, 0.3684411346912384, -0.17632219195365906, 1.1235909461975098];[0, 0, 0, 1]
@91>[0.3651683032512665, 0.8670541048049927, -0.3389238715171814, -0.1976757049560547];[0.03308020532131195, -0.3759211301803589, -0.9260609745979309, 1.1612262725830078];[-0.9303536415100098, 0.32695645093917847, -0.16595682501792908, 1.106406331062317];[0, 0, 0, 1]
@92>[0.3247927725315094, 0.8889069557189941, -0.3230389952659607, -0.20838141441345215];[0.04682958498597145, -0.3562520146369934, -0.9332156181335449, 1.1660377979278564];[-0.944625198841095, 0.28797391057014465, -0.15733523666858673, 1.0883395671844482];[0, 0, 0, 1]
@93>[0.2750200033187866, 0.9130377769470215, -0.30120769143104553, -0.2223866581916809];[0.05416031554341316, -0.32750362157821655, -0.9432963132858276, 1.1705820560455322];[-0.9599118232727051, 0.24311186373233795, -0.13952048122882843, 1.0685287714004517];[0, 0, 0, 1]
@94>[0.21581581234931946, 0.9372092485427856, -0.2739752531051636, -0.23901551961898804];[0.05202704295516014, -0.29122617840766907, -0.955238401889801, 1.1751402616500854];[-0.9750470519065857, 0.19190143048763275, -0.11161144822835922, 1.0466387271881104];[0, 0, 0, 1]
@95>[0.1529828906059265, 0.9576449394226074, -0.2439519166946411, -0.25563353300094604];[0.04386907070875168, -0.25319525599479675, -0.9664199948310852, 1.179602026939392];[-0.9872546195983887, 0.1371437907218933, -0.08074554800987244, 1.0241804122924805];[0, 0, 0, 1]
@96>[0.038415826857089996, 0.9836009740829468, -0.17621977627277374, -0.2945243716239929];[0.03698906674981117, -0.17762872576713562, -0.9834021329879761, 1.1884281635284424];[-0.9985769391059875, 0.03126000240445137, -0.04320623725652695, 0.9812005162239075];[0, 0, 0, 1]
@97>[-0.007667340338230133, 0.9864360094070435, -0.16396750509738922, -0.3121509552001953];[0.041894588619470596, -0.16351139545440674, -0.985651433467865, 1.1935734748840332];[-0.9990925788879395, -0.01442667469382286, -0.04007263481616974, 0.9615347981452942];[0, 0, 0, 1]
@98>[-0.05105277895927429, 0.984399139881134, -0.1683802455663681, -0.3280910849571228];[0.04915089160203934, -0.16591909527778625, -0.98491370677948, 1.198535442352295];[-0.9974856972694397, -0.0585586316883564, -0.039913468062877655, 0.94300776720047];[0, 0, 0, 1]
@99>[-0.0922803282737732, 0.9793403148651123, -0.17993585765361786, -0.34374815225601196];[0.06126124784350395, -0.17478053271770477, -0.9826996922492981, 1.2041599750518799];[-0.9938467741012573, -0.10170695185661316, -0.043866805732250214, 0.9249667525291443];[0, 0, 0, 1]
@100>[-0.13452555239200592, 0.9726858735084534, -0.18916945159435272, -0.36014115810394287];[0.07447168976068497, -0.18044045567512512, -0.9807625412940979, 1.209815502166748];[-0.9881076812744141, -0.1460253894329071, -0.04816371574997902, 0.9076177477836609];[0, 0, 0, 1]
@101>[-0.17734280228614807, 0.9648452401161194, -0.19396692514419556, -0.37792205810546875];[0.08717110753059387, -0.1809161901473999, -0.9796277284622192, 1.2149018049240112];[-0.9802809357643127, -0.1906382441520691, -0.05202244594693184, 0.8909181952476501];[0, 0, 0, 1]
@102>[-0.21860139071941376, 0.9562819600105286, -0.19426335394382477, -0.3953765034675598];[0.096221424639225, -0.17698392271995544, -0.9794988632202148, 1.2193859815597534];[-0.9710586667060852, -0.23281212151050568, -0.05332588404417038, 0.8752368092536926];[0, 0, 0, 1]
@103>[-0.25588977336883545, 0.947780430316925, -0.19034913182258606, -0.4124249219894409];[0.09987635910511017, -0.16993111371994019, -0.9803816080093384, 1.2231285572052002];[-0.961532711982727, -0.269881010055542, -0.051177218556404114, 0.8610205054283142];[0, 0, 0, 1]
@104>[-0.29151803255081177, 0.9394451975822449, -0.18016675114631653, -0.42915797233581543];[0.09726188331842422, -0.1582607924938202, -0.9825953245162964, 1.2266970872879028];[-0.9516077637672424, -0.3039676249027252, -0.04523631930351257, 0.8470308780670166];[0, 0, 0, 1]
@105>[-0.3548811376094818, 0.9223443865776062, -0.15277528762817383, -0.458798348903656];[0.08556277304887772, -0.13068361580371857, -0.987725019454956, 1.2326381206512451];[-0.9309878349304199, -0.3635968863964081, -0.032541174441576004, 0.8242745399475098];[0, 0, 0, 1]
@106>[-0.38587823510169983, 0.9113618731498718, -0.14323972165584564, -0.4720642566680908];[0.08000599592924118, -0.12162142246961594, -0.9893468618392944, 1.2351300716400146];[-0.9190739989280701, -0.3932274580001831, -0.025983339175581932, 0.8154897689819336];[0, 0, 0, 1]
@107>[-0.4192882180213928, 0.8974913358688354, -0.13677284121513367, -0.48418253660202026];[0.07559946179389954, -0.11561509966850281, -0.9904129505157471, 1.2376981973648071];[-0.9047000408172607, -0.42560842633247375, -0.01937379501760006, 0.8075881004333496];[0, 0, 0, 1]
@108>[-0.44952869415283203, 0.8831175565719604, -0.13426616787910461, -0.4939340353012085];[0.0742526426911354, -0.1128464862704277, -0.9908340573310852, 1.2397301197052002];[-0.890174388885498, -0.4553779661655426, -0.014846064150333405, 0.8014487624168396];[0, 0, 0, 1]
@109>[-0.4765929877758026, 0.8696120977401733, -0.1289728581905365, -0.5042172074317932];[0.07393387705087662, -0.10653872787952423, -0.99155592918396, 1.2410531044006348];[-0.8760096430778503, -0.48210409283638, -0.013518168590962887, 0.7964678406715393];[0, 0, 0, 1]
@110>[-0.5006664395332336, 0.8579078316688538, -0.11544391512870789, -0.5151286721229553];[0.071811243891716, -0.0917397141456604, -0.9931902289390564, 1.241994857788086];[-0.8626564741134644, -0.5055472254753113, -0.01567641645669937, 0.7924989461898804];[0, 0, 0, 1]
@111>[-0.5231941938400269, 0.8467350006103516, -0.0964759960770607, -0.5242871046066284];[0.06659063696861267, -0.07224138081073761, -0.9951617121696472, 1.2430062294006348];[-0.8496078252792358, -0.5270872712135315, -0.01858832873404026, 0.7895002365112305];[0, 0, 0, 1]
@112>[-0.544167160987854, 0.8351978659629822, -0.07954007387161255, -0.5330076813697815];[0.0591488853096962, -0.05637839809060097, -0.9966558218002319, 1.243893027305603];[-0.8368890881538391, -0.5470520853996277, -0.018721727654337883, 0.7870816588401794];[0, 0, 0, 1]
@113>[-0.5620617866516113, 0.8244222402572632, -0.06644167751073837, -0.5386755466461182];[0.05078098550438881, -0.04578245058655739, -0.9976598620414734, 1.245484709739685];[-0.8255348801612854, -0.5641204714775085, -0.016132386401295662, 0.7852402925491333];[0, 0, 0, 1]
@114>[-0.5931444764137268, 0.8043644428253174, -0.034313589334487915, -0.5474327802658081];[0.03176365792751312, -0.019207004457712173, -0.9993107914924622, 1.2494182586669922];[-0.8044691681861877, -0.5938255786895752, -0.01415700651705265, 0.7836892604827881];[0, 0, 0, 1]
@115>[-0.6035749912261963, 0.7970771193504333, -0.01911519095301628, -0.5521025061607361];[0.02443128451704979, -0.005473770201206207, -0.9996864795684814, 1.2504451274871826];[-0.796931803226471, -0.6038527488708496, -0.01616976596415043, 0.7841450572013855];[0, 0, 0, 1]
@116>[-0.6106851696968079, 0.791828989982605, -0.008400831371545792, -0.5551509261131287];[0.017978817224502563, 0.003258326556533575, -0.9998330473899841, 1.2517118453979492];[-0.7916693687438965, -0.6107342839241028, -0.016225937753915787, 0.7850574851036072];[0, 0, 0, 1]
@117>[-0.6152478456497192, 0.7883284091949463, 0.002895293291658163, -0.5561093091964722];[0.010251174680888653, 0.011672832071781158, -0.9998793005943298, 1.2543518543243408];[-0.7882671356201172, -0.6151439547538757, -0.015262954868376255, 0.7880357503890991];[0, 0, 0, 1]
@118>[-0.615750789642334, 0.7878939509391785, 0.008606751449406147, -0.556009829044342];[0.006670595146715641, 0.016135334968566895, -0.9998475313186646, 1.255311369895935];[-0.7879126667976379, -0.615599513053894, -0.01519104465842247, 0.789936900138855];[0, 0, 0, 1]
@119>[-0.6160642504692078, 0.7876051068305969, 0.01196364127099514, -0.5561400651931763];[0.0033595715649425983, 0.017815345898270607, -0.9998356103897095, 1.2559211254119873];[-0.7876887321472168, -0.6159228086471558, -0.013621390797197819, 0.792300283908844];[0, 0, 0, 1]
@120>[-0.6155939102172852, 0.7879738807678223, 0.011888785287737846, -0.5546576380729675];[0.00036632263800129294, 0.015372279100120068, -0.9998817443847656, 1.2565302848815918];[-0.7880634069442749, -0.6155167818069458, -0.00975171197205782, 0.7946916818618774];[0, 0, 0, 1]
@121>[-0.6155189871788025, 0.7880479097366333, 0.010808540508151054, -0.553691029548645];[-0.002009669551625848, 0.012144947424530983, -0.9999241828918457, 1.2567999362945557];[-0.7881194949150085, -0.6154940128326416, -0.005891706794500351, 0.7969536781311035];[0, 0, 0, 1]
@122>[-0.6157029271125793, 0.7879087328910828, 0.010475734248757362, -0.5525238513946533];[-0.0034181070514023304, 0.01062383409589529, -0.9999377131462097, 1.2570281028747559];[-0.7879709601402283, -0.615700364112854, -0.0038479468785226345, 0.7993805408477783];[0, 0, 0, 1]
@123>[-0.6170444488525391, 0.7868338227272034, 0.012192443013191223, -0.5517178773880005];[-0.005051014479249716, 0.01153336837887764, -0.999920666217804, 1.257011890411377];[-0.7869120836257935, -0.6170571446418762, -0.0031422690954059362, 0.8016917109489441];[0, 0, 0, 1]
@124>[-0.6188020706176758, 0.7854200601577759, 0.01412117201834917, -0.5506139993667603];[-0.007585802115499973, 0.012000848539173603, -0.99989914894104, 1.2570008039474487];[-0.7855103015899658, -0.6188468337059021, -0.001468086615204811, 0.8036081194877625];[0, 0, 0, 1]
@125>[-0.6202571392059326, 0.7842639684677124, 0.014531039632856846, -0.5500971674919128];[-0.010026572272181511, 0.010596570558845997, -0.9998935461044312, 1.2568790912628174];[-0.7843344211578369, -0.6203368306159973, 0.0012909038923680782, 0.8052272796630859];[0, 0, 0, 1]
@126>[-0.6212856769561768, 0.7834632992744446, 0.013765470124781132, -0.5492623448371887];[-0.011631735600531101, 0.008344356901943684, -0.9998974800109863, 1.257010579109192];[-0.7834978699684143, -0.6213820576667786, 0.003928830847144127, 0.8068644404411316];[0, 0, 0, 1]
@127>[-0.6206302046775818, 0.7840149402618408, 0.011782311834394932, -0.5483128428459167];[-0.011646285653114319, 0.005807728972285986, -0.9999153017997742, 1.2570645809173584];[-0.7840169072151184, -0.6207147836685181, 0.005526433233171701, 0.8084837794303894];[0, 0, 0, 1]
@128>[-0.6181119680404663, 0.7860257625579834, 0.01005995087325573, -0.5469075441360474];[-0.009389536455273628, 0.005414127372205257, -0.9999412298202515, 1.257132649421692];[-0.7860339879989624, -0.6181700825691223, 0.00403390359133482, 0.8103429079055786];[0, 0, 0, 1]
@129>[-0.6093500852584839, 0.7928862571716309, -0.004892182070761919, -0.5452810525894165];[0.005115163512527943, -0.002238796092569828, -0.9999843835830688, 1.2573682069778442];[-0.7928848266601562, -0.6093655824661255, -0.0026915099006146193, 0.8143427968025208];[0, 0, 0, 1]
@130>[-0.6039516925811768, 0.796914279460907, -0.013037639670073986, -0.5441267490386963];[0.011465177871286869, -0.007669474929571152, -0.9999048113822937, 1.257483959197998];[-0.796938419342041, -0.60404372215271, -0.004504749085754156, 0.8162298798561096];[0, 0, 0, 1]
@131>[-0.5948954224586487, 0.8034846186637878, -0.022624405100941658, -0.5433969497680664];[0.01818498969078064, -0.014686011709272861, -0.9997267127037048, 1.257016658782959];[-0.8035973906517029, -0.5951442718505859, -0.0058746966533362865, 0.8198671936988831];[0, 0, 0, 1]
@132>[-0.590318500995636, 0.8067408204078674, -0.02633170410990715, -0.5440783500671387];[0.019307099282741547, -0.01850021816790104, -0.9996423721313477, 1.25675630569458];[-0.806939423084259, -0.5906158089637756, -0.004654781427234411, 0.8215029835700989];[0, 0, 0, 1]
@133>[-0.5860859155654907, 0.8097299933433533, -0.028994405642151833, -0.5447901487350464];[0.019228225573897362, -0.021874750033020973, -0.9995757341384888, 1.2564940452575684];[-0.8100206851959229, -0.5863947868347168, -0.0027491676155477762, 0.8232307434082031];[0, 0, 0, 1]
@134>[-0.5831802487373352, 0.8117971420288086, -0.02977047674357891, -0.545951783657074];[0.018269561231136322, -0.02353142574429512, -0.9995561242103577, 1.2560975551605225];[-0.8121373653411865, -0.5834652781486511, -0.001108094584196806, 0.8250278830528259];[0, 0, 0, 1]
@135>[-0.5822632908821106, 0.8125503063201904, -0.027046920731663704, -0.5467516779899597];[0.01572306640446186, -0.02200723998248577, -0.9996341466903687, 1.2556357383728027];[-0.8128482699394226, -0.582475483417511, 3.824650775641203e-05, 0.8268264532089233];[0, 0, 0, 1]
@136>[-0.5816985368728638, 0.8130784034729004, -0.023028917610645294, -0.5479686260223389];[0.011778563261032104, -0.019888758659362793, -0.9997327923774719, 1.2550549507141113];[-0.8133191466331482, -0.5818144083023071, 0.0019923874642699957, 0.8284724354743958];[0, 0, 0, 1]
@137>[-0.5804236531257629, 0.8140448927879333, -0.020957082509994507, -0.5486374497413635];[0.009177208878099918, -0.019195007160305977, -0.9997736215591431, 1.2549052238464355];[-0.8142629861831665, -0.5804846286773682, 0.003670597681775689, 0.8298059105873108];[0, 0, 0, 1]
@138>[-0.5790215730667114, 0.8150994777679443, -0.01862524263560772, -0.5495089292526245];[0.007953091524541378, -0.017196448519825935, -0.9998204708099365, 1.2548725605010986];[-0.8152734041213989, -0.57906574010849, 0.003474575001746416, 0.8311449289321899];[0, 0, 0, 1]
@139>[-0.5773398280143738, 0.8163500428199768, -0.015853524208068848, -0.5513757467269897];[0.007348800078034401, -0.014220206998288631, -0.9998718500137329, 1.2547855377197266];[-0.8164708614349365, -0.5773824453353882, 0.00221072044223547, 0.832520067691803];[0, 0, 0, 1]
@140>[-0.5751341581344604, 0.8179358839988708, -0.014202224090695381, -0.5527538657188416];[0.006913548335433006, -0.012500353157520294, -0.9998979568481445, 1.2548365592956543];[-0.8180298805236816, -0.5751736164093018, 0.0015345620922744274, 0.8336896300315857];[0, 0, 0, 1]
@141>[-0.572712779045105, 0.8196580410003662, -0.012682531028985977, -0.5535434484481812];[0.006782677955925465, -0.010732416063547134, -0.9999193549156189, 1.2551465034484863];[-0.8197280168533325, -0.5727526545524597, 0.0005871360190212727, 0.8349306583404541];[0, 0, 0, 1]
@142>[-0.5704069137573242, 0.8212930560112, -0.010663552209734917, -0.5552218556404114];[0.006205359939485788, -0.008673266507685184, -0.9999430775642395, 1.2552144527435303];[-0.8213387727737427, -0.5704406499862671, -0.00014910672325640917, 0.8360773921012878];[0, 0, 0, 1]
@143>[-0.5649563670158386, 0.8250765204429626, -0.0085499482229352, -0.5587260723114014];[0.005721262656152248, -0.006444608327001333, -0.9999628067016602, 1.2553048133850098];[-0.8251009583473206, -0.5649842619895935, -0.0010795360431075096, 0.8385946154594421];[0, 0, 0, 1]
@144>[-0.5622643232345581, 0.8269233703613281, -0.00751903373748064, -0.5597972273826599];[0.005809657275676727, -0.005142160691320896, -0.9999698400497437, 1.2552483081817627];[-0.8269371390342712, -0.562291145324707, -0.0019128673011437058, 0.839963972568512];[0, 0, 0, 1]
@145>[-0.5577320456504822, 0.830008864402771, -0.004507382400333881, -0.5614096522331238];[0.00609536562114954, -0.001334496191702783, -0.9999805092811584, 1.2551367282867432];[-0.8299987316131592, -0.5577486157417297, -0.00431489571928978, 0.8425819277763367];[0, 0, 0, 1]
@146>[-0.5554453730583191, 0.8315458297729492, -0.0034602286759763956, -0.5631572604179382];[0.006604089867323637, 0.0002502917486708611, -0.9999781250953674, 1.2552305459976196];[-0.8315268158912659, -0.5554561018943787, -0.005630606785416603, 0.8439756035804749];[0, 0, 0, 1]
@147>[-0.5534446239471436, 0.8328820466995239, -0.0025804354809224606, -0.5632418394088745];[0.008067477494478226, 0.0022627797443419695, -0.9999648332595825, 1.2557377815246582];[-0.8328468799591064, -0.5534460544586182, -0.007971559651196003, 0.8451873064041138];[0, 0, 0, 1]
